0.650709867477417
0.43980836868286133
0.3472740650177002
0.41660284996032715
0.6301290988922119
0.4283938407897949
0.423969030380249
0.39063262939453125
0.5236930847167969
0.3810257911682129
0.3972945213317871
0.40921998023986816
0.874272346496582
0.3270885944366455
0.4077417850494385
0.39017629623413086
0.6636419296264648
0.3787848949432373
0.38440895080566406
0.365231990814209
0.6897399425506592
0.39978528022766113
0.32984447479248047
0.4169740676879883
0.6786196231842041
0.3993818759918213
0.288529634475708
0.3792281150817871
0.7706701755523682
0.49619531631469727
0.31601452827453613
0.40106892585754395
0.6744527816772461
0.3458590507507324
0.37185144424438477
0.34201550483703613
0.4109935760498047
0.6732678413391113
0.40753698348999023
0.31714320182800293
0.34467148780822754
0.6534066200256348
0.41304898262023926
0.3643839359283447
0.37941503524780273
0.6530814170837402
0.42401719093322754
0.4011225700378418
0.4068894386291504
0.7208883762359619
0.4076807498931885
0.34117817878723145
0.3240699768066406
0.7105674743652344
0.3233194351196289
0.470564603805542
0.37749624252319336
0.6290287971496582
0.3891890048980713
0.2847292423248291
0.37504053115844727
0.6690223217010498
0.3197164535522461
0.37250447273254395
0.3665130138397217
0.7896385192871094
0.34000396728515625
0.3813142776489258
0.39426517486572266
0.728095293045044
0.38955211639404297
0.37135910987854004
0.37816381454467773
0.757199764251709
0.3332056999206543
0.3891716003417969
0.28612303733825684
0.6585261821746826
0.33310365676879883
0.4217040538787842
0.31749725341796875
0.6888384819030762
0.40001821517944336
0.35793542861938477
0.36305713653564453
0.6808288097381592
0.3057746887207031
0.38536882400512695
0.3675258159637451
0.6008341312408447
0.309894323348999
0.4566948413848877
0.3280024528503418
0.7873620986938477
0.3252081871032715
0.35643553733825684
0.3878970146179199
0.7829577922821045
0.4024662971496582
0.38312602043151855
SOMA:  45.399967432022095
