0.2441108226776123
0.2706458568572998
0.1990368366241455
0.1644139289855957
0.16574835777282715
0.16273880004882812
0.19013285636901855
0.1728525161743164
0.18907737731933594
0.422086238861084
0.18291664123535156
0.21033644676208496
0.19379782676696777
0.2939937114715576
0.2572054862976074
0.23334813117980957
0.2506885528564453
0.2573568820953369
0.2423098087310791
0.23746633529663086
0.2552306652069092
0.25081872940063477
0.2795603275299072
0.3020758628845215
0.24318885803222656
0.24821829795837402
0.35732436180114746
0.514293909072876
0.22024035453796387
0.19347167015075684
0.1999504566192627
0.2509279251098633
0.2002561092376709
0.25463175773620605
0.17154216766357422
0.20120477676391602
0.2174239158630371
0.2458181381225586
0.18774771690368652
0.262531042098999
0.21914362907409668
0.17915964126586914
0.2514023780822754
0.18609309196472168
0.21878957748413086
0.46003222465515137
0.2310023307800293
0.1924293041229248
0.26319146156311035
0.1979966163635254
0.20315003395080566
0.25495052337646484
0.17895007133483887
0.28847646713256836
0.2807493209838867
0.31757044792175293
0.19391751289367676
0.23528337478637695
0.19154644012451172
0.18496417999267578
0.21898174285888672
0.17192673683166504
0.21508097648620605
0.2527430057525635
0.43593907356262207
0.18613004684448242
0.19617819786071777
0.2516012191772461
0.18325400352478027
0.18209385871887207
0.24254727363586426
0.19317388534545898
0.199202299118042
0.22495508193969727
0.25612878799438477
0.1877148151397705
0.19854116439819336
0.2305748462677002
0.24978351593017578
0.1914513111114502
0.2123866081237793
0.26738524436950684
0.4027585983276367
0.25441575050354004
0.20262479782104492
0.2896003723144531
0.1816256046295166
0.1828916072845459
0.27109265327453613
0.18064212799072266
0.19040274620056152
0.23353338241577148
0.23540854454040527
0.2618284225463867
0.2099604606628418
0.2009716033935547
0.21498990058898926
0.2612752914428711
0.2116551399230957
0.23211431503295898
SOMA:  23.491084098815918

