0.509030818939209
0.4221045970916748
0.23867559432983398
0.34978580474853516
0.2862980365753174
0.22713136672973633
0.22363519668579102
0.23977375030517578
0.22527599334716797
0.24632787704467773
0.45090770721435547
0.2475416660308838
0.28427791595458984
0.3271515369415283
0.29151225090026855
0.2431776523590088
0.2711317539215088
0.2587566375732422
0.2684190273284912
0.2879772186279297
0.41724133491516113
0.23558616638183594
0.3399937152862549
0.31139588356018066
0.2540583610534668
0.303375244140625
0.24875164031982422
0.306793212890625
0.30663037300109863
0.5168068408966064
0.33458375930786133
0.24864673614501953
0.32173871994018555
0.22514629364013672
0.2579967975616455
0.3519124984741211
0.225311279296875
0.4310019016265869
0.23260140419006348
0.6698179244995117
0.2649393081665039
0.3140110969543457
0.29921483993530273
0.2573390007019043
0.3363301753997803
0.24132776260375977
0.2206563949584961
0.25191283226013184
0.32182955741882324
0.4599153995513916
0.2907907962799072
0.3097851276397705
0.40549588203430176
0.19199395179748535
0.3328368663787842
0.1903080940246582
0.3144803047180176
0.19185614585876465
0.3445272445678711
0.45319390296936035
0.25710344314575195
0.3286440372467041
0.30809855461120605
0.2704479694366455
0.3529326915740967
0.1904892921447754
0.2701418399810791
0.25939369201660156
0.3769099712371826
0.5038256645202637
0.3634374141693115
0.2384779453277588
0.2628188133239746
0.3616940975189209
0.2532844543457031
0.29839444160461426
0.2533903121948242
0.2561323642730713
0.3291056156158447
0.5273847579956055
0.24686431884765625
0.24807453155517578
0.25071144104003906
0.3216390609741211
0.2532033920288086
0.2888956069946289
0.2583153247833252
0.2684667110443115
0.33330249786376953
0.5267798900604248
0.32048988342285156
0.25617098808288574
0.24952077865600586
0.4960472583770752
0.2560853958129883
0.34470176696777344
0.310499906539917
0.26043272018432617
0.6733977794647217
0.3347299098968506
SOMA:  31.191463708877563
