0.36429715156555176
0.39266395568847656
0.18495750427246094
1.0125155448913574
0.18016362190246582
0.2690248489379883
0.2528533935546875
0.25430965423583984
0.2898283004760742
0.19086837768554688
0.1845700740814209
0.20131301879882812
0.2683377265930176
0.19182324409484863
0.18140792846679688
0.2541313171386719
0.24414634704589844
0.2008070945739746
0.2535824775695801
0.18802928924560547
0.3160209655761719
0.29760050773620605
0.27992939949035645
0.1920173168182373
0.2515532970428467
0.3397867679595947
0.6727232933044434
0.3493192195892334
0.24844694137573242
0.34876489639282227
0.3189864158630371
0.25226473808288574
0.590097188949585
0.21141719818115234
0.3396434783935547
0.33225083351135254
0.19906902313232422
0.28725624084472656
0.2988872528076172
0.503990888595581
0.23717522621154785
0.3903493881225586
0.20685791969299316
0.29561781883239746
0.2730724811553955
0.2767140865325928
0.5154650211334229
0.26822757720947266
0.272233247756958
0.25574636459350586
0.3183169364929199
0.34358668327331543
0.2708103656768799
0.462019681930542
0.2645711898803711
0.2320384979248047
0.43320226669311523
0.19196772575378418
0.2672080993652344
0.6486020088195801
0.250887393951416
0.2536146640777588
0.27834463119506836
0.2733027935028076
0.29427123069763184
0.2759096622467041
0.602543830871582
0.2322077751159668
0.47394561767578125
0.29662132263183594
0.19318842887878418
0.28742313385009766
0.29584336280822754
0.5257220268249512
0.36295080184936523
0.45645666122436523
0.24317073822021484
0.3205838203430176
0.3496673107147217
0.2840538024902344
0.48031044006347656
0.2918710708618164
0.2155933380126953
0.2296156883239746
0.2976343631744385
0.26601648330688477
0.4860975742340088
0.24156498908996582
0.2833271026611328
0.2091367244720459
0.24557113647460938
0.23869085311889648
0.24271869659423828
0.4409668445587158
0.2607262134552002
0.2575204372406006
0.20675873756408691
0.24558353424072266
0.28988051414489746
0.24220490455627441
SOMA:  30.835937976837158
