1.2356550693511963
0.5474541187286377
0.2934250831604004
0.24617862701416016
0.24994969367980957
0.48966455459594727
0.29794812202453613
0.2849767208099365
0.23038887977600098
0.23762249946594238
0.6570580005645752
0.3017466068267822
0.3763270378112793
0.35229992866516113
0.32320356369018555
0.5130515098571777
0.2992727756500244
0.27285242080688477
0.3148660659790039
0.3043079376220703
0.49080896377563477
0.27756690979003906
0.2759089469909668
0.3097653388977051
0.2844712734222412
0.4761078357696533
0.31172919273376465
0.27176880836486816
0.2763402462005615
0.28108930587768555
0.5012695789337158
0.26294612884521484
0.30571866035461426
0.42305684089660645
0.40403056144714355
0.7002241611480713
0.3858168125152588
0.29062652587890625
0.2991313934326172
0.2684638500213623
0.6299831867218018
0.3401451110839844
0.47248196601867676
0.2536630630493164
0.27640199661254883
0.5887453556060791
0.30130887031555176
0.3026869297027588
0.3217339515686035
0.3081550598144531
0.7680768966674805
0.30852270126342773
0.29189324378967285
0.2371082305908203
0.23151683807373047
0.6355504989624023
0.2943761348724365
0.2881309986114502
0.23383307456970215
0.29181909561157227
0.5672738552093506
0.34053492546081543
0.3703145980834961
0.31200647354125977
0.33519697189331055
0.6435801982879639
0.30680370330810547
0.23463845252990723
0.39823341369628906
0.3189539909362793
0.5903806686401367
0.3217606544494629
0.378551721572876
0.31291723251342773
0.33539700508117676
0.634016752243042
0.2971944808959961
0.25366783142089844
0.308025598526001
0.31668734550476074
0.731827974319458
0.2718980312347412
0.29106640815734863
0.29839205741882324
0.3070943355560303
0.7519533634185791
0.4317779541015625
0.2709951400756836
0.2919027805328369
0.30054593086242676
0.6377439498901367
0.2941277027130127
0.3021671772003174
0.2820920944213867
0.338822603225708
0.6509220600128174
0.3140413761138916
0.32202601432800293
0.32948970794677734
0.30474019050598145
SOMA:  37.60098648071289
